0.001, 0.976, 361
0.002, 0.976, 361
0.003, 0.976, 361
0.004, 0.976, 361
0.005, 0.976, 361
0.006, 0.976, 361
0.007, 0.976, 361
0.008, 0.976, 361
0.009, 0.976, 361
0.01, 0.976, 361
0.011, 0.976, 361
0.012, 0.976, 361
0.013, 0.976, 361
0.014, 0.976, 361
0.015, 0.976, 361
0.016, 0.976, 361
0.017, 0.976, 361
0.018, 0.976, 361
0.019, 0.976, 361
0.02, 0.976, 361
0.021, 0.976, 361
0.022, 0.976, 361
0.023, 0.976, 361
0.024, 0.976, 361
0.025, 0.976, 361
0.026, 0.976, 361
0.027, 0.976, 361
0.028, 0.976, 361
0.029, 0.976, 361
0.03, 0.976, 361
0.031, 0.976, 361
0.032, 0.976, 361
0.033, 0.976, 361
0.034, 0.976, 361
0.035, 0.976, 361
0.036, 0.976, 361
0.037, 0.976, 361
0.038, 0.976, 361
0.039, 0.976, 361
0.04, 0.976, 361
0.041, 0.976, 361
0.042, 0.976, 361
0.043, 0.976, 361
0.044, 0.976, 361
0.045, 0.976, 361
0.046, 0.976, 361
0.047, 0.976, 361
0.048, 0.976, 361
0.049, 0.976, 361
0.05, 0.976, 361
0.051, 0.976, 361
0.052, 0.976, 361
0.053, 0.976, 361
0.054, 0.976, 361
0.055, 0.976, 361
0.056, 0.976, 361
0.057, 0.976, 361
0.058, 0.976, 361
0.059, 0.976, 361
0.06, 0.976, 361
0.061, 0.976, 361
0.062, 0.976, 361
0.063, 0.976, 361
0.064, 0.976, 361
0.065, 0.976, 361
0.066, 0.976, 361
0.067, 0.976, 361
0.068, 0.976, 361
0.069, 0.976, 361
0.07, 0.976, 361
0.071, 0.976, 361
0.072, 0.976, 361
0.073, 0.976, 361
0.074, 0.976, 361
0.075, 0.976, 361
0.076, 0.976, 361
0.077, 0.976, 361
0.078, 0.976, 361
0.079, 0.976, 361
0.08, 0.976, 361
0.081, 0.976, 361
0.082, 0.976, 361
0.083, 0.976, 361
0.084, 0.976, 361
0.085, 0.976, 361
0.086, 0.976, 361
0.087, 0.976, 361
0.088, 0.976, 361
0.089, 0.976, 361
0.09, 0.976, 361
0.091, 0.976, 361
0.092, 0.976, 361
0.093, 0.976, 361
0.094, 0.976, 361
0.095, 0.976, 361
0.096, 0.976, 361
0.097, 0.976, 361
0.098, 0.976, 361
0.099, 0.976, 361
0.1, 0.976, 361
0.101, 0.976, 361
0.102, 0.976, 361
0.103, 0.976, 361
0.104, 0.976, 361
0.105, 0.976, 361
0.106, 0.976, 361
0.107, 0.976, 361
0.108, 0.976, 361
0.109, 0.976, 361
0.11, 0.976, 361
0.111, 0.976, 361
0.112, 0.976, 361
0.113, 0.976, 361
0.114, 0.976, 361
0.115, 0.976, 361
0.116, 0.976, 361
0.117, 0.976, 361
0.118, 0.976, 361
0.119, 0.976, 361
0.12, 0.976, 361
0.121, 0.976, 361
0.122, 0.976, 361
0.123, 0.976, 361
0.124, 0.976, 361
0.125, 0.976, 361
0.126, 0.976, 361
0.127, 0.976, 361
0.128, 0.976, 361
0.129, 0.976, 361
0.13, 0.976, 361
0.131, 0.976, 361
0.132, 0.976, 361
0.133, 0.976, 361
0.134, 0.976, 361
0.135, 0.976, 361
0.136, 0.976, 361
0.137, 0.976, 361
0.138, 0.976, 361
0.139, 0.976, 361
0.14, 0.976, 361
0.141, 0.976, 361
0.142, 0.976, 361
0.143, 0.976, 361
0.144, 0.976, 361
0.145, 0.976, 361
0.146, 0.976, 361
0.147, 0.976, 361
0.148, 0.976, 361
0.149, 0.976, 361
0.15, 0.976, 361
0.151, 0.976, 361
0.152, 0.976, 361
0.153, 0.976, 361
0.154, 0.976, 361
0.155, 0.976, 361
0.156, 0.976, 361
0.157, 0.976, 361
0.158, 0.976, 361
0.159, 0.976, 361
0.16, 0.976, 361
0.161, 0.976, 361
0.162, 0.976, 361
0.163, 0.976, 361
0.164, 0.976, 361
0.165, 0.976, 361
0.166, 0.976, 361
0.167, 0.976, 361
0.168, 0.976, 361
0.169, 0.976, 361
0.17, 0.976, 361
0.171, 0.976, 361
0.172, 0.976, 361
0.173, 0.976, 361
0.174, 0.976, 361
0.175, 0.976, 361
0.176, 0.976, 361
0.177, 0.973, 401
0.178, 0.973, 401
0.179, 0.973, 401
0.18, 0.973, 401
0.181, 0.973, 401
0.182, 0.973, 401
0.183, 0.973, 401
0.184, 0.973, 401
0.185, 0.973, 401
0.186, 0.973, 401
0.187, 0.973, 401
0.188, 0.973, 401
0.189, 0.973, 401
0.19, 0.973, 401
0.191, 0.973, 401
0.192, 0.973, 401
0.193, 0.973, 401
0.194, 0.973, 401
0.195, 0.973, 401
0.196, 0.973, 401
0.197, 0.973, 401
0.198, 0.973, 401
0.199, 0.973, 401
0.2, 0.973, 401
0.201, 0.973, 401
0.202, 0.973, 401
0.203, 0.973, 401
0.204, 0.973, 401
0.205, 0.973, 401
0.206, 0.973, 401
0.207, 0.973, 401
0.208, 0.973, 401
0.209, 0.973, 401
0.21, 0.973, 401
0.211, 0.973, 401
0.212, 0.973, 401
0.213, 0.973, 401
0.214, 0.973, 401
0.215, 0.973, 401
0.216, 0.973, 401
0.217, 0.973, 401
0.218, 0.973, 401
0.219, 0.973, 401
0.22, 0.973, 401
0.221, 0.973, 401
0.222, 0.973, 401
0.223, 0.973, 401
0.224, 0.973, 401
0.225, 0.973, 401
0.226, 0.973, 401
0.227, 0.973, 401
0.228, 0.973, 401
0.229, 0.973, 401
0.23, 0.973, 401
0.231, 0.973, 401
0.232, 0.973, 401
0.233, 0.973, 401
0.234, 0.973, 401
0.235, 0.973, 401
0.236, 0.973, 401
0.237, 0.973, 401
0.238, 0.973, 401
0.239, 0.973, 401
0.24, 0.973, 401
0.241, 0.973, 401
0.242, 0.973, 401
0.243, 0.973, 401
0.244, 0.973, 401
0.245, 0.973, 401
0.246, 0.973, 401
0.247, 0.973, 401
0.248, 0.973, 401
0.249, 0.973, 401
0.25, 0.973, 401
0.251, 0.973, 401
0.252, 0.973, 401
0.253, 0.973, 401
0.254, 0.973, 401
0.255, 0.973, 401
0.256, 0.973, 401
0.257, 0.973, 401
0.258, 0.973, 401
0.259, 0.973, 401
0.26, 0.973, 401
0.261, 0.973, 401
0.262, 0.973, 401
0.263, 0.973, 401
0.264, 0.973, 401
0.265, 0.973, 401
0.266, 0.973, 401
0.267, 0.973, 401
0.268, 0.973, 401
0.269, 0.973, 401
0.27, 0.973, 401
0.271, 0.973, 401
0.272, 0.973, 401
0.273, 0.973, 401
0.274, 0.973, 401
0.275, 0.973, 401
0.276, 0.973, 401
0.277, 0.973, 401
0.278, 0.973, 401
0.279, 0.973, 401
0.28, 0.973, 401
0.281, 0.973, 401
0.282, 0.973, 401
0.283, 0.973, 401
0.284, 0.973, 401
0.285, 0.973, 401
0.286, 0.973, 401
0.287, 0.973, 401
0.288, 0.973, 401
0.289, 0.973, 401
0.29, 0.973, 401
0.291, 0.973, 401
0.292, 0.973, 401
0.293, 0.973, 401
0.294, 0.973, 401
0.295, 0.973, 401
0.296, 0.973, 401
0.297, 0.973, 401
0.298, 0.973, 401
0.299, 0.973, 401
0.3, 0.973, 401
0.301, 0.973, 401
0.302, 0.973, 401
0.303, 0.973, 401
0.304, 0.973, 401
0.305, 0.973, 401
0.306, 0.973, 401
0.307, 0.973, 401
0.308, 0.973, 401
0.309, 0.973, 401
0.31, 0.973, 401
0.311, 0.973, 401
0.312, 0.973, 401
0.313, 0.973, 401
0.314, 0.973, 401
0.315, 0.973, 401
0.316, 0.973, 401
0.317, 0.973, 401
0.318, 0.973, 401
0.319, 0.973, 401
0.32, 0.973, 401
0.321, 0.973, 401
0.322, 0.973, 401
0.323, 0.973, 401
0.324, 0.973, 401
0.325, 0.973, 401
0.326, 0.973, 401
0.327, 0.973, 401
0.328, 0.973, 401
0.329, 0.973, 401
0.33, 0.973, 401
0.331, 0.973, 401
0.332, 0.973, 401
0.333, 0.973, 401
0.334, 0.973, 401
0.335, 0.973, 401
0.336, 0.973, 401
0.337, 0.973, 401
0.338, 0.973, 401
0.339, 0.973, 401
0.34, 0.973, 401
0.341, 0.973, 401
0.342, 0.973, 401
0.343, 0.973, 401
0.344, 0.973, 401
0.345, 0.973, 401
0.346, 0.973, 401
0.347, 0.973, 401
0.348, 0.973, 401
0.349, 0.973, 401
0.35, 0.973, 401
0.351, 0.973, 401
0.352, 0.973, 401
0.353, 0.973, 401
0.354, 0.973, 401
0.355, 0.973, 401
0.356, 0.973, 401
0.357, 0.973, 401
0.358, 0.973, 401
0.359, 0.973, 401
0.36, 0.973, 401
0.361, 0.973, 401
0.362, 0.973, 401
0.363, 0.973, 401
0.364, 0.973, 401
0.365, 0.973, 401
0.366, 0.968, 487
0.367, 0.968, 487
0.368, 0.968, 487
0.369, 0.968, 487
0.37, 0.968, 487
0.371, 0.968, 487
0.372, 0.968, 487
0.373, 0.968, 487
0.374, 0.968, 487
0.375, 0.968, 487
0.376, 0.968, 487
0.377, 0.968, 487
0.378, 0.968, 487
0.379, 0.968, 487
0.38, 0.968, 487
0.381, 0.968, 487
0.382, 0.968, 487
0.383, 0.968, 487
0.384, 0.968, 487
0.385, 0.968, 487
0.386, 0.968, 487
0.387, 0.968, 487
0.388, 0.968, 487
0.389, 0.968, 487
0.39, 0.968, 487
0.391, 0.968, 487
0.392, 0.968, 487
0.393, 0.968, 487
0.394, 0.968, 487
0.395, 0.968, 487
0.396, 0.968, 487
0.397, 0.968, 487
0.398, 0.968, 487
0.399, 0.968, 487
0.4, 0.968, 487
0.401, 0.968, 487
0.402, 0.968, 487
0.403, 0.968, 487
0.404, 0.968, 487
0.405, 0.968, 487
0.406, 0.968, 487
0.407, 0.968, 487
0.408, 0.968, 487
0.409, 0.968, 487
0.41, 0.968, 487
0.411, 0.968, 487
0.412, 0.968, 487
0.413, 0.968, 487
0.414, 0.968, 487
0.415, 0.968, 487
0.416, 0.968, 487
0.417, 0.968, 487
0.418, 0.968, 487
0.419, 0.968, 487
0.42, 0.968, 487
0.421, 0.968, 487
0.422, 0.968, 487
0.423, 0.968, 487
0.424, 0.968, 487
0.425, 0.968, 487
0.426, 0.968, 487
0.427, 0.968, 487
0.428, 0.968, 487
0.429, 0.968, 487
0.43, 0.968, 487
0.431, 0.968, 487
0.432, 0.968, 487
0.433, 0.968, 487
0.434, 0.968, 487
0.435, 0.968, 487
0.436, 0.968, 487
0.437, 0.968, 487
0.438, 0.968, 487
0.439, 0.968, 487
0.44, 0.968, 487
0.441, 0.968, 487
0.442, 0.968, 487
0.443, 0.968, 487
0.444, 0.968, 487
0.445, 0.968, 487
0.446, 0.968, 487
0.447, 0.968, 487
0.448, 0.968, 487
0.449, 0.968, 487
0.45, 0.968, 487
0.451, 0.968, 487
0.452, 0.968, 487
0.453, 0.968, 487
0.454, 0.968, 487
0.455, 0.968, 487
0.456, 0.968, 487
0.457, 0.968, 487
0.458, 0.968, 487
0.459, 0.968, 487
0.46, 0.968, 487
0.461, 0.968, 487
0.462, 0.968, 487
0.463, 0.968, 487
0.464, 0.968, 487
0.465, 0.968, 487
0.466, 0.968, 487
0.467, 0.968, 487
0.468, 0.968, 487
0.469, 0.968, 487
0.47, 0.968, 487
0.471, 0.968, 487
0.472, 0.968, 487
0.473, 0.968, 487
0.474, 0.968, 487
0.475, 0.968, 487
0.476, 0.968, 487
0.477, 0.968, 487
0.478, 0.968, 487
0.479, 0.968, 487
0.48, 0.968, 487
0.481, 0.968, 487
0.482, 0.968, 487
0.483, 0.968, 487
0.484, 0.968, 487
0.485, 0.968, 487
0.486, 0.968, 487
0.487, 0.968, 487
0.488, 0.968, 487
0.489, 0.968, 487
0.49, 0.968, 487
0.491, 0.968, 487
0.492, 0.968, 487
0.493, 0.968, 487
0.494, 0.968, 487
0.495, 0.968, 487
0.496, 0.968, 487
0.497, 0.968, 487
0.498, 0.968, 487
0.499, 0.968, 487
0.5, 0.968, 487
0.501, 0.968, 487
0.502, 0.968, 487
0.503, 0.968, 487
0.504, 0.968, 487
0.505, 0.968, 487
0.506, 0.968, 487
0.507, 0.968, 487
0.508, 0.968, 487
0.509, 0.968, 487
0.51, 0.968, 487
0.511, 0.968, 487
0.512, 0.968, 487
0.513, 0.968, 487
0.514, 0.968, 487
0.515, 0.968, 487
0.516, 0.968, 487
0.517, 0.968, 487
0.518, 0.968, 487
0.519, 0.968, 487
0.52, 0.968, 487
0.521, 0.968, 487
0.522, 0.968, 487
0.523, 0.968, 487
0.524, 0.968, 487
0.525, 0.968, 487
0.526, 0.968, 487
0.527, 0.968, 487
0.528, 0.968, 487
0.529, 0.968, 487
0.53, 0.968, 487
0.531, 0.968, 487
0.532, 0.968, 487
0.533, 0.968, 487
0.534, 0.968, 487
0.535, 0.968, 487
0.536, 0.968, 487
0.537, 0.968, 487
0.538, 0.968, 487
0.539, 0.968, 487
0.54, 0.968, 487
0.541, 0.968, 487
0.542, 0.968, 487
0.543, 0.968, 487
0.544, 0.968, 487
0.545, 0.968, 487
0.546, 0.968, 487
0.547, 0.968, 487
0.548, 0.968, 487
0.549, 0.968, 487
0.55, 0.968, 487
0.551, 0.968, 487
0.552, 0.968, 487
0.553, 0.968, 487
0.554, 0.968, 487
0.555, 0.968, 487
0.556, 0.968, 487
0.557, 0.968, 487
0.558, 0.968, 487
0.559, 0.968, 487
0.56, 0.968, 487
0.561, 0.968, 487
0.562, 0.968, 487
0.563, 0.968, 487
0.564, 0.968, 487
0.565, 0.968, 487
0.566, 0.968, 487
0.567, 0.968, 487
0.568, 0.968, 487
0.569, 0.962, 576
0.57, 0.962, 576
0.571, 0.962, 576
0.572, 0.962, 576
0.573, 0.962, 576
0.574, 0.962, 576
0.575, 0.962, 576
0.576, 0.962, 576
0.577, 0.962, 576
0.578, 0.962, 576
0.579, 0.962, 576
0.58, 0.962, 576
0.581, 0.962, 576
0.582, 0.962, 576
0.583, 0.962, 576
0.584, 0.962, 576
0.585, 0.962, 576
0.586, 0.962, 576
0.587, 0.962, 576
0.588, 0.962, 576
0.589, 0.962, 576
0.59, 0.962, 576
0.591, 0.962, 576
0.592, 0.962, 576
0.593, 0.962, 576
0.594, 0.962, 576
0.595, 0.962, 576
0.596, 0.962, 576
0.597, 0.962, 576
0.598, 0.962, 576
0.599, 0.962, 576
0.6, 0.962, 576
0.601, 0.962, 576
0.602, 0.962, 576
0.603, 0.962, 576
0.604, 0.962, 576
0.605, 0.962, 576
0.606, 0.962, 576
0.607, 0.962, 576
0.608, 0.962, 576
0.609, 0.962, 576
0.61, 0.962, 576
0.611, 0.962, 576
0.612, 0.962, 576
0.613, 0.962, 576
0.614, 0.962, 576
0.615, 0.962, 576
0.616, 0.962, 576
0.617, 0.962, 576
0.618, 0.962, 576
0.619, 0.962, 576
0.62, 0.962, 576
0.621, 0.962, 576
0.622, 0.962, 576
0.623, 0.962, 576
0.624, 0.962, 576
0.625, 0.962, 576
0.626, 0.962, 576
0.627, 0.962, 576
0.628, 0.962, 576
0.629, 0.962, 576
0.63, 0.962, 576
0.631, 0.962, 576
0.632, 0.962, 576
0.633, 0.962, 576
0.634, 0.962, 576
0.635, 0.962, 576
0.636, 0.962, 576
0.637, 0.962, 576
0.638, 0.962, 576
0.639, 0.962, 576
0.64, 0.962, 576
0.641, 0.962, 576
0.642, 0.962, 576
0.643, 0.962, 576
0.644, 0.962, 576
0.645, 0.962, 576
0.646, 0.962, 576
0.647, 0.962, 576
0.648, 0.962, 576
0.649, 0.962, 576
0.65, 0.962, 576
0.651, 0.962, 576
0.652, 0.962, 576
0.653, 0.962, 576
0.654, 0.962, 576
0.655, 0.962, 576
0.656, 0.962, 576
0.657, 0.962, 576
0.658, 0.962, 576
0.659, 0.962, 576
0.66, 0.962, 576
0.661, 0.962, 576
0.662, 0.962, 576
0.663, 0.962, 576
0.664, 0.962, 576
0.665, 0.962, 576
0.666, 0.962, 576
0.667, 0.962, 576
0.668, 0.962, 576
0.669, 0.962, 576
0.67, 0.962, 576
0.671, 0.962, 576
0.672, 0.962, 576
0.673, 0.962, 576
0.674, 0.962, 576
0.675, 0.962, 576
0.676, 0.962, 576
0.677, 0.962, 576
0.678, 0.962, 576
0.679, 0.962, 576
0.68, 0.962, 576
0.681, 0.962, 576
0.682, 0.962, 576
0.683, 0.962, 576
0.684, 0.962, 576
0.685, 0.962, 576
0.686, 0.962, 576
0.687, 0.962, 576
0.688, 0.962, 576
0.689, 0.962, 576
0.69, 0.962, 576
0.691, 0.962, 576
0.692, 0.962, 576
0.693, 0.962, 576
0.694, 0.962, 576
0.695, 0.962, 576
0.696, 0.962, 576
0.697, 0.962, 576
0.698, 0.962, 576
0.699, 0.962, 576
0.7, 0.962, 576
0.701, 0.962, 576
0.702, 0.962, 576
0.703, 0.962, 576
0.704, 0.962, 576
0.705, 0.962, 576
0.706, 0.962, 576
0.707, 0.962, 576
0.708, 0.962, 576
0.709, 0.962, 576
0.71, 0.962, 576
0.711, 0.962, 576
0.712, 0.962, 576
0.713, 0.962, 576
0.714, 0.962, 576
0.715, 0.962, 576
0.716, 0.962, 576
0.717, 0.962, 576
0.718, 0.962, 576
0.719, 0.962, 576
0.72, 0.962, 576
0.721, 0.962, 576
0.722, 0.962, 576
0.723, 0.962, 576
0.724, 0.962, 576
0.725, 0.962, 576
0.726, 0.962, 576
0.727, 0.962, 576
0.728, 0.962, 576
0.729, 0.962, 576
0.73, 0.962, 576
0.731, 0.962, 576
0.732, 0.962, 576
0.733, 0.962, 576
0.734, 0.962, 576
0.735, 0.962, 576
0.736, 0.962, 576
0.737, 0.962, 576
0.738, 0.962, 576
0.739, 0.962, 576
0.74, 0.962, 576
0.741, 0.962, 576
0.742, 0.962, 576
0.743, 0.962, 576
0.744, 0.962, 576
0.745, 0.962, 576
0.746, 0.962, 576
0.747, 0.962, 576
0.748, 0.962, 576
0.749, 0.962, 576
0.75, 0.962, 576
0.751, 0.962, 576
0.752, 0.962, 576
0.753, 0.962, 576
0.754, 0.962, 576
0.755, 0.962, 576
0.756, 0.962, 576
0.757, 0.962, 576
0.758, 0.962, 576
0.759, 0.962, 576
0.76, 0.962, 576
0.761, 0.962, 576
0.762, 0.962, 576
0.763, 0.962, 576
0.764, 0.962, 576
0.765, 0.962, 576
0.766, 0.962, 576
0.767, 0.955, 682
0.768, 0.955, 682
0.769, 0.955, 682
0.77, 0.955, 682
0.771, 0.955, 682
0.772, 0.955, 682
0.773, 0.955, 682
0.774, 0.955, 682
0.775, 0.955, 682
0.776, 0.955, 682
0.777, 0.955, 682
0.778, 0.955, 682
0.779, 0.955, 682
0.78, 0.955, 682
0.781, 0.955, 682
0.782, 0.955, 682
0.783, 0.955, 682
0.784, 0.955, 682
0.785, 0.955, 682
0.786, 0.955, 682
0.787, 0.955, 682
0.788, 0.955, 682
0.789, 0.955, 682
0.79, 0.955, 682
0.791, 0.955, 682
0.792, 0.955, 682
0.793, 0.955, 682
0.794, 0.955, 682
0.795, 0.955, 682
0.796, 0.955, 682
0.797, 0.955, 682
0.798, 0.955, 682
0.799, 0.955, 682
0.8, 0.955, 682
0.801, 0.955, 682
0.802, 0.955, 682
0.803, 0.955, 682
0.804, 0.955, 682
0.805, 0.955, 682
0.806, 0.955, 682
0.807, 0.955, 682
0.808, 0.955, 682
0.809, 0.955, 682
0.81, 0.955, 682
0.811, 0.955, 682
0.812, 0.955, 682
0.813, 0.955, 682
0.814, 0.955, 682
0.815, 0.955, 682
0.816, 0.955, 682
0.817, 0.955, 682
0.818, 0.955, 682
0.819, 0.955, 682
0.82, 0.955, 682
0.821, 0.955, 682
0.822, 0.955, 682
0.823, 0.955, 682
0.824, 0.955, 682
0.825, 0.955, 682
0.826, 0.955, 682
0.827, 0.955, 682
0.828, 0.955, 682
0.829, 0.955, 682
0.83, 0.955, 682
0.831, 0.955, 682
0.832, 0.955, 682
0.833, 0.955, 682
0.834, 0.955, 682
0.835, 0.955, 682
0.836, 0.955, 682
0.837, 0.955, 682
0.838, 0.955, 682
0.839, 0.955, 682
0.84, 0.955, 682
0.841, 0.955, 682
0.842, 0.955, 682
0.843, 0.955, 682
0.844, 0.955, 682
0.845, 0.955, 682
0.846, 0.955, 682
0.847, 0.955, 682
0.848, 0.955, 682
0.849, 0.955, 682
0.85, 0.955, 682
0.851, 0.955, 682
0.852, 0.955, 682
0.853, 0.955, 682
0.854, 0.955, 682
0.855, 0.955, 682
0.856, 0.955, 682
0.857, 0.955, 682
0.858, 0.955, 682
0.859, 0.955, 682
0.86, 0.955, 682
0.861, 0.955, 682
0.862, 0.955, 682
0.863, 0.955, 682
0.864, 0.955, 682
0.865, 0.955, 682
0.866, 0.955, 682
0.867, 0.955, 682
0.868, 0.955, 682
0.869, 0.955, 682
0.87, 0.955, 682
0.871, 0.955, 682
0.872, 0.955, 682
0.873, 0.955, 682
0.874, 0.955, 682
0.875, 0.955, 682
0.876, 0.955, 682
0.877, 0.955, 682
0.878, 0.955, 682
0.879, 0.955, 682
0.88, 0.955, 682
0.881, 0.955, 682
0.882, 0.955, 682
0.883, 0.955, 682
0.884, 0.955, 682
0.885, 0.955, 682
0.886, 0.955, 682
0.887, 0.955, 682
0.888, 0.955, 682
0.889, 0.955, 682
0.89, 0.955, 682
0.891, 0.955, 682
0.892, 0.955, 682
0.893, 0.955, 682
0.894, 0.955, 682
0.895, 0.955, 682
0.896, 0.955, 682
0.897, 0.955, 682
0.898, 0.955, 682
0.899, 0.955, 682
0.9, 0.955, 682
0.901, 0.955, 682
0.902, 0.955, 682
0.903, 0.955, 682
0.904, 0.955, 682
0.905, 0.955, 682
0.906, 0.955, 682
0.907, 0.955, 682
0.908, 0.955, 682
0.909, 0.955, 682
0.91, 0.955, 682
0.911, 0.955, 682
0.912, 0.955, 682
0.913, 0.955, 682
0.914, 0.955, 682
0.915, 0.955, 682
0.916, 0.955, 682
0.917, 0.955, 682
0.918, 0.955, 682
0.919, 0.955, 682
0.92, 0.955, 682
0.921, 0.955, 682
0.922, 0.955, 682
0.923, 0.955, 682
0.924, 0.955, 682
0.925, 0.955, 682
0.926, 0.955, 682
0.927, 0.955, 682
0.928, 0.955, 682
0.929, 0.955, 682
0.93, 0.955, 682
0.931, 0.955, 682
0.932, 0.955, 682
0.933, 0.955, 682
0.934, 0.955, 682
0.935, 0.955, 682
0.936, 0.955, 682
0.937, 0.955, 682
0.938, 0.955, 682
0.939, 0.955, 682
0.94, 0.955, 682
0.941, 0.955, 682
0.942, 0.955, 682
0.943, 0.955, 682
0.944, 0.955, 682
0.945, 0.955, 682
0.946, 0.955, 682
0.947, 0.955, 682
0.948, 0.955, 682
0.949, 0.955, 682
0.95, 0.955, 682
0.951, 0.955, 682
