0.95, 0.868, 1977
0.949, 0.868, 1977
0.948, 0.868, 1977
0.947, 0.868, 1977
0.946, 0.868, 1977
0.945, 0.868, 1977
0.944, 0.868, 1977
0.943, 0.868, 1977
0.942, 0.868, 1977
0.941, 0.868, 1977
0.94, 0.868, 1977
0.939, 0.868, 1977
0.938, 0.868, 1977
0.937, 0.868, 1977
0.936, 0.868, 1977
0.935, 0.868, 1977
0.934, 0.868, 1977
0.933, 0.868, 1977
0.932, 0.868, 1977
0.931, 0.868, 1977
0.93, 0.868, 1977
0.929, 0.868, 1977
0.928, 0.868, 1977
0.927, 0.868, 1977
0.926, 0.868, 1977
0.925, 0.868, 1977
0.924, 0.868, 1977
0.923, 0.868, 1977
0.922, 0.868, 1977
0.921, 0.868, 1977
0.92, 0.868, 1977
0.919, 0.868, 1977
0.918, 0.868, 1977
0.917, 0.868, 1977
0.916, 0.868, 1977
0.915, 0.868, 1977
0.914, 0.868, 1977
0.913, 0.868, 1977
0.912, 0.868, 1977
0.911, 0.868, 1977
0.91, 0.868, 1977
0.909, 0.868, 1977
0.908, 0.868, 1977
0.907, 0.868, 1977
0.906, 0.868, 1977
0.905, 0.868, 1977
0.904, 0.868, 1977
0.903, 0.868, 1977
0.902, 0.868, 1977
0.901, 0.868, 1977
0.9, 0.868, 1977
0.899, 0.868, 1977
0.898, 0.868, 1977
0.897, 0.868, 1977
0.896, 0.868, 1977
0.895, 0.868, 1977
0.894, 0.868, 1977
0.893, 0.868, 1977
0.892, 0.868, 1977
0.891, 0.868, 1977
0.89, 0.868, 1977
0.889, 0.868, 1977
0.888, 0.868, 1977
0.887, 0.868, 1977
0.886, 0.868, 1977
0.885, 0.868, 1977
0.884, 0.868, 1977
0.883, 0.868, 1977
0.882, 0.868, 1977
0.881, 0.868, 1977
0.88, 0.868, 1977
0.879, 0.868, 1977
0.878, 0.868, 1977
0.877, 0.868, 1977
0.876, 0.868, 1977
0.875, 0.868, 1977
0.874, 0.868, 1977
0.873, 0.868, 1977
0.872, 0.868, 1977


0.871, 0.808, 2881
0.87, 0.808, 2881
0.869, 0.808, 2881
0.868, 0.808, 2881
0.867, 0.808, 2881
0.866, 0.808, 2881
0.865, 0.808, 2881
0.864, 0.808, 2881
0.863, 0.808, 2881
0.862, 0.808, 2881
0.861, 0.808, 2881
0.86, 0.808, 2881
0.859, 0.808, 2881
0.858, 0.808, 2881
0.857, 0.808, 2881
0.856, 0.808, 2881
0.855, 0.808, 2881
0.854, 0.808, 2881
0.853, 0.808, 2881
0.852, 0.808, 2881
0.851, 0.808, 2881
0.85, 0.808, 2881
0.849, 0.808, 2881
0.848, 0.808, 2881
0.847, 0.808, 2881
0.846, 0.808, 2881
0.845, 0.808, 2881
0.844, 0.808, 2881
0.843, 0.808, 2881
0.842, 0.808, 2881
0.841, 0.808, 2881
0.84, 0.808, 2881
0.839, 0.808, 2881
0.838, 0.808, 2881
0.837, 0.808, 2881
0.836, 0.808, 2881
0.835, 0.808, 2881
0.834, 0.808, 2881
0.833, 0.808, 2881
0.832, 0.808, 2881
0.831, 0.808, 2881
0.83, 0.808, 2881
0.829, 0.808, 2881
0.828, 0.808, 2881
0.827, 0.808, 2881
0.826, 0.808, 2881
0.825, 0.808, 2881
0.824, 0.808, 2881
0.823, 0.808, 2881
0.822, 0.808, 2881
0.821, 0.808, 2881
0.82, 0.808, 2881
0.819, 0.808, 2881
0.818, 0.808, 2881
0.817, 0.808, 2881
0.816, 0.808, 2881
0.815, 0.808, 2881
0.814, 0.808, 2881
0.813, 0.808, 2881


0.812, 0.576, 6356
0.811, 0.576, 6356
0.81, 0.576, 6356
0.809, 0.576, 6356
0.808, 0.576, 6356
0.807, 0.576, 6356
0.806, 0.576, 6356
0.805, 0.576, 6356
0.804, 0.576, 6356
0.803, 0.576, 6356
0.802, 0.576, 6356
0.801, 0.576, 6356
0.8, 0.576, 6356
0.799, 0.576, 6356
0.798, 0.576, 6356
0.797, 0.576, 6356
0.796, 0.576, 6356
0.795, 0.576, 6356
0.794, 0.576, 6356
0.793, 0.576, 6356
0.792, 0.576, 6356
0.791, 0.576, 6356
0.79, 0.576, 6356
0.789, 0.576, 6356
0.788, 0.576, 6356
0.787, 0.576, 6356
0.786, 0.576, 6356
0.785, 0.576, 6356
0.784, 0.576, 6356
0.783, 0.576, 6356
0.782, 0.576, 6356
0.781, 0.576, 6356
0.78, 0.576, 6356
0.779, 0.576, 6356
0.778, 0.576, 6356
0.777, 0.576, 6356
0.776, 0.576, 6356
0.775, 0.576, 6356
0.774, 0.576, 6356
0.773, 0.576, 6356
0.772, 0.576, 6356
0.771, 0.576, 6356
0.77, 0.576, 6356
0.769, 0.576, 6356
0.768, 0.576, 6356
0.767, 0.576, 6356
0.766, 0.576, 6356
0.765, 0.576, 6356
0.764, 0.576, 6356
0.763, 0.576, 6356
0.762, 0.576, 6356
0.761, 0.576, 6356
0.76, 0.576, 6356
0.759, 0.576, 6356
0.758, 0.576, 6356
0.757, 0.576, 6356
0.756, 0.576, 6356
0.755, 0.576, 6356
0.754, 0.576, 6356
0.753, 0.576, 6356
0.752, 0.576, 6356
0.751, 0.576, 6356
0.75, 0.576, 6356
0.749, 0.576, 6356
0.748, 0.576, 6356
0.747, 0.576, 6356
0.746, 0.576, 6356
0.745, 0.576, 6356
0.744, 0.576, 6356
0.743, 0.576, 6356
0.742, 0.576, 6356
0.741, 0.576, 6356
0.74, 0.576, 6356
0.739, 0.576, 6356
0.738, 0.576, 6356
0.737, 0.576, 6356
0.736, 0.576, 6356
0.735, 0.576, 6356
0.734, 0.576, 6356
0.733, 0.576, 6356
0.732, 0.576, 6356
0.731, 0.576, 6356
0.73, 0.576, 6356
0.729, 0.576, 6356
0.728, 0.576, 6356
0.727, 0.576, 6356
0.726, 0.576, 6356
0.725, 0.576, 6356
0.724, 0.576, 6356
0.723, 0.576, 6356
0.722, 0.576, 6356
0.721, 0.576, 6356
0.72, 0.576, 6356
0.719, 0.576, 6356
0.718, 0.576, 6356
0.717, 0.576, 6356
0.716, 0.576, 6356
0.715, 0.576, 6356
0.714, 0.576, 6356
0.713, 0.576, 6356
0.712, 0.576, 6356
0.711, 0.576, 6356
0.71, 0.576, 6356
0.709, 0.576, 6356
0.708, 0.576, 6356
0.707, 0.576, 6356
0.706, 0.576, 6356
0.705, 0.576, 6356
0.704, 0.576, 6356
0.703, 0.576, 6356
0.702, 0.576, 6356
0.701, 0.576, 6356
0.7, 0.576, 6356
0.699, 0.576, 6356
0.698, 0.576, 6356
0.697, 0.576, 6356
0.696, 0.576, 6356
0.695, 0.576, 6356
0.694, 0.576, 6356
0.693, 0.576, 6356
0.692, 0.576, 6356
0.691, 0.576, 6356
0.69, 0.576, 6356
0.689, 0.576, 6356
0.688, 0.576, 6356
0.687, 0.576, 6356
0.686, 0.576, 6356
0.685, 0.576, 6356
0.684, 0.576, 6356
0.683, 0.576, 6356
0.682, 0.576, 6356
0.681, 0.576, 6356
0.68, 0.576, 6356
0.679, 0.576, 6356
0.678, 0.576, 6356
0.677, 0.576, 6356
0.676, 0.576, 6356
0.675, 0.576, 6356
0.674, 0.576, 6356
0.673, 0.576, 6356
0.672, 0.576, 6356
0.671, 0.576, 6356
0.67, 0.576, 6356
0.669, 0.576, 6356
0.668, 0.576, 6356
0.667, 0.576, 6356
0.666, 0.576, 6356
0.665, 0.576, 6356
0.664, 0.576, 6356
0.663, 0.576, 6356
0.662, 0.576, 6356
0.661, 0.576, 6356
0.66, 0.576, 6356
0.659, 0.576, 6356
0.658, 0.576, 6356
0.657, 0.576, 6356
0.656, 0.576, 6356
0.655, 0.576, 6356
0.654, 0.576, 6356
0.653, 0.576, 6356
0.652, 0.576, 6356
0.651, 0.576, 6356
0.65, 0.576, 6356
0.649, 0.576, 6356
0.648, 0.576, 6356
0.647, 0.576, 6356
0.646, 0.576, 6356
0.645, 0.576, 6356
0.644, 0.576, 6356
0.643, 0.576, 6356
0.642, 0.576, 6356
0.641, 0.576, 6356
0.64, 0.576, 6356
0.639, 0.576, 6356
0.638, 0.576, 6356
0.637, 0.576, 6356
0.636, 0.576, 6356
0.635, 0.576, 6356
0.634, 0.576, 6356
0.633, 0.576, 6356
0.632, 0.576, 6356
0.631, 0.576, 6356
0.63, 0, 16504
0.629, 0, 16504
0.628, 0, 16504
0.627, 0, 16504
0.626, 0, 16504
0.625, 0, 16504
0.624, 0, 16504
0.623, 0, 16504
0.622, 0, 16504
0.621, 0, 16504
0.62, 0, 16504
0.619, 0, 16504
0.618, 0, 16504
0.617, 0, 16504
0.616, 0, 16504
0.615, 0, 16504
0.614, 0, 16504
0.613, 0, 16504
0.612, 0, 16504
0.611, 0, 16504
0.61, 0, 16504
0.609, 0, 16504
0.608, 0, 16504
0.607, 0, 16504
0.606, 0, 16504
0.605, 0, 16504
0.604, 0, 16504
0.603, 0, 16504
0.602, 0, 16504
0.601, 0, 16504
0.6, 0, 16504
0.599, 0, 16504
0.598, 0, 16504
0.597, 0, 16504
0.596, 0, 16504
0.595, 0, 16504
0.594, 0, 16504
0.593, 0, 16504
0.592, 0, 16504
0.591, 0, 16504
0.59, 0, 16504
0.589, 0, 16504
0.588, 0, 16504
0.587, 0, 16504
0.586, 0, 16504
0.585, 0, 16504
0.584, 0, 16504
0.583, 0, 16504
0.582, 0, 16504
0.581, 0, 16504
0.58, 0, 16504
0.579, 0, 16504
0.578, 0, 16504
0.577, 0, 16504
0.576, 0, 16504
0.575, 0, 16504
0.574, 0, 16504
0.573, 0, 16504
0.572, 0, 16504
0.571, 0, 16504
0.57, 0, 16504
0.569, 0, 16504
0.568, 0, 16504
0.567, 0, 16504
0.566, 0, 16504
0.565, 0, 16504
0.564, 0, 16504
0.563, 0, 16504
0.562, 0, 16504
0.561, 0, 16504
0.56, 0, 16504
0.559, 0, 16504
0.558, 0, 16504
0.557, 0, 16504
0.556, 0, 16504
0.555, 0, 16504
0.554, 0, 16504
0.553, 0, 16504
0.552, 0, 16504
0.551, 0, 16504
0.55, 0, 16504
0.549, 0, 16504
0.548, 0, 16504
0.547, 0, 16504
0.546, 0, 16504
0.545, 0, 16504
0.544, 0, 16504
0.543, 0, 16504
0.542, 0, 16504
0.541, 0, 16504
0.54, 0, 16504
0.539, 0, 16504
0.538, 0, 16504
0.537, 0, 16504
0.536, 0, 16504
0.535, 0, 16504
0.534, 0, 16504
0.533, 0, 16504
0.532, 0, 16504
0.531, 0, 16504
0.53, 0, 16504
0.529, 0, 16504
0.528, 0, 16504
0.527, 0, 16504
0.526, 0, 16504
0.525, 0, 16504
0.524, 0, 16504
0.523, 0, 16504
0.522, 0, 16504
0.521, 0, 16504
0.52, 0, 16504
0.519, 0, 16504
0.518, 0, 16504
0.517, 0, 16504
0.516, 0, 16504
0.515, 0, 16504
0.514, 0, 16504
0.513, 0, 16504
0.512, 0, 16504
0.511, 0, 16504
0.51, 0, 16504
0.509, 0, 16504
0.508, 0, 16504
0.507, 0, 16504
0.506, 0, 16504
0.505, 0, 16504
0.504, 0, 16504
0.503, 0, 16504
0.502, 0, 16504
0.501, 0, 16504
0.5, 0, 16504
0.499, 0, 16504
0.498, 0, 16504
0.497, 0, 16504
0.496, 0, 16504
0.495, 0, 16504
0.494, 0, 16504
0.493, 0, 16504
0.492, 0, 16504
0.491, 0, 16504
0.49, 0, 16504
0.489, 0, 16504
0.488, 0, 16504
0.487, 0, 16504
0.486, 0, 16504
0.485, 0, 16504
0.484, 0, 16504
0.483, 0, 16504
0.482, 0, 16504
0.481, 0, 16504
0.48, 0, 16504
0.479, 0, 16504
0.478, 0, 16504
0.477, 0, 16504
0.476, 0, 16504
0.475, 0, 16504
0.474, 0, 16504
0.473, 0, 16504
0.472, 0, 16504
0.471, 0, 16504
0.47, 0, 16504
0.469, 0, 16504
0.468, 0, 16504
0.467, 0, 16504
0.466, 0, 16504
0.465, 0, 16504
0.464, 0, 16504
0.463, 0, 16504
0.462, 0, 16504
0.461, 0, 16504
0.46, 0, 16504
0.459, 0, 16504
0.458, 0, 16504
0.457, 0, 16504
0.456, 0, 16504
0.455, 0, 16504
0.454, 0, 16504
0.453, 0, 16504
0.452, 0, 16504
0.451, 0, 16504
0.45, 0, 16504
0.449, 0, 16504
0.448, 0, 16504
0.447, 0, 16504
0.446, 0, 16504
0.445, 0, 17185
0.444, 0, 17185
0.443, 0, 17185
0.442, 0, 17185
0.441, 0, 17185
0.44, 0, 17185
0.439, 0, 17185
0.438, 0, 17185
0.437, 0, 17185
0.436, 0, 17185
0.435, 0, 17185
0.434, 0, 17185
0.433, 0, 17185
0.432, 0, 17185
0.431, 0, 17185
0.43, 0, 17185
0.429, 0, 17185
0.428, 0, 17185
0.427, 0, 17185
0.426, 0, 17185
0.425, 0, 17185
0.424, 0, 17185
0.423, 0, 17185
0.422, 0, 17185
0.421, 0, 17185
0.42, 0, 17185
0.419, 0, 17185
0.418, 0, 17185
0.417, 0, 17185
0.416, 0, 17185
0.415, 0, 17185
0.414, 0, 17185
0.413, 0, 17185
0.412, 0, 17185
0.411, 0, 17185
0.41, 0, 17185
0.409, 0, 17185
0.408, 0, 17185
0.407, 0, 17185
0.406, 0, 17185
0.405, 0, 17185
0.404, 0, 17185
0.403, 0, 17185
0.402, 0, 17185
0.401, 0, 17185
0.4, 0, 17185
0.399, 0, 17185
0.398, 0, 17185
0.397, 0, 17185
0.396, 0, 17185
0.395, 0, 17185
0.394, 0, 17185
0.393, 0, 17185
0.392, 0, 17185
0.391, 0, 17185
0.39, 0, 17185
0.389, 0, 17185
0.388, 0, 17185
0.387, 0, 17185
0.386, 0, 17185
0.385, 0, 17185
0.384, 0, 17185
0.383, 0, 17185
0.382, 0, 17185
0.381, 0, 17185
0.38, 0, 17185
0.379, 0, 17185
0.378, 0, 17185
0.377, 0, 17185
0.376, 0, 17185
0.375, 0, 17185
0.374, 0, 17185
0.373, 0, 17185
0.372, 0, 17185
0.371, 0, 17185
0.37, 0, 17185
0.369, 0, 17185
0.368, 0, 17185
0.367, 0, 17185
0.366, 0, 17185
0.365, 0, 17185
0.364, 0, 17185
0.363, 0, 17185
0.362, 0, 17185
0.361, 0, 17185
0.36, 0, 17185
0.359, 0, 17185
0.358, 0, 17185
0.357, 0, 17185
0.356, 0, 17185
0.355, 0, 17185
0.354, 0, 17185
0.353, 0, 17185
0.352, 0, 17185
0.351, 0, 17185
0.35, 0, 17185
0.349, 0, 17185
0.348, 0, 17185
0.347, 0, 17185
0.346, 0, 17185
0.345, 0, 17185
0.344, 0, 17185
0.343, 0, 17185
0.342, 0, 17185
0.341, 0, 17185
0.34, 0, 17185
0.339, 0, 17185
0.338, 0, 17185
0.337, 0, 17185
0.336, 0, 17185
0.335, 0, 17185
0.334, 0, 17185
0.333, 0, 17185
0.332, 0, 17185
0.331, 0, 17185
0.33, 0, 17185
0.329, 0, 17185
0.328, 0, 17185
0.327, 0, 17185
0.326, 0, 17185
0.325, 0, 17185
0.324, 0, 17185
0.323, 0, 17185
0.322, 0, 17185
0.321, 0, 17185
0.32, 0, 17185
0.319, 0, 17185
0.318, 0, 17185
0.317, 0, 17185
0.316, 0, 17185
0.315, 0, 17185
0.314, 0, 17185
0.313, 0, 17185
0.312, 0, 17185
0.311, 0, 17185
0.31, 0, 17185
0.309, 0, 17185
0.308, 0, 17185
0.307, 0, 17185
0.306, 0, 17185
0.305, 0, 17185
0.304, 0, 17185
0.303, 0, 17185
0.302, 0, 17185
0.301, 0, 17185
0.3, 0, 17185
0.299, 0, 17185
0.298, 0, 17185
0.297, 0, 17185
0.296, 0, 17185
0.295, 0, 17185
0.294, 0, 17185
0.293, 0, 17185
0.292, 0, 17185
0.291, 0, 17185
0.29, 0, 17185
0.289, 0, 17185
0.288, 0, 17185
0.287, 0, 17185
0.286, 0, 17185
0.285, 0, 17185
0.284, 0, 17185
0.283, 0, 17185
0.282, 0, 17185
0.281, 0, 17185
0.28, 0, 17185
0.279, 0, 17185
0.278, 0, 17185
0.277, 0, 17185
0.276, 0, 17185
0.275, 0, 17185
0.274, 0, 17185
0.273, 0, 17185
0.272, 0, 17185
0.271, 0.855, 2178

0.27, 0, 45325
0.269, 0, 45325
0.268, 0, 45325
0.267, 0, 45325
0.266, 0, 45325
0.265, 0, 45325
0.264, 0, 45325
0.263, 0, 45325
0.262, 0, 45325
0.261, 0, 45325
0.26, 0, 45325
0.259, 0, 45325
0.258, 0, 45325
0.257, 0, 45325
0.256, 0, 45325
0.255, 0, 45325
0.254, 0, 45325
0.253, 0, 45325
0.252, 0, 45325
0.251, 0, 45325
0.25, 0, 45325
0.249, 0, 45325
0.248, 0, 45325
0.247, 0, 45325
0.246, 0, 45325
0.245, 0, 45325
0.244, 0, 45325
0.243, 0, 45325
0.242, 0, 45325
0.241, 0, 45325
0.24, 0, 45325
0.239, 0, 45325
0.238, 0, 45325
0.237, 0, 45325
0.236, 0, 45325
0.235, 0, 45325
0.234, 0, 45325
0.233, 0, 45325
0.232, 0, 45325
0.231, 0, 45325
0.23, 0, 45325
0.229, 0, 45325
0.228, 0, 45325
0.227, 0, 45325
0.226, 0, 45325
0.225, 0, 45325
0.224, 0, 45325
0.223, 0, 45325
0.222, 0, 45325
0.221, 0, 45325
0.22, 0, 45325
0.219, 0, 45325
0.218, 0, 45325
0.217, 0, 45325
0.216, 0, 45325
0.215, 0, 45325
0.214, 0, 45325
0.213, 0, 45325
0.212, 0, 45325
0.211, 0, 45325
0.21, 0, 45325
0.209, 0, 45325
0.208, 0, 45325
0.207, 0, 45325
0.206, 0, 45325
0.205, 0, 45325
0.204, 0, 45325
0.203, 0, 45325
0.202, 0, 45325
0.201, 0, 45325
0.2, 0, 45325
0.199, 0, 45325
0.198, 0, 45325
0.197, 0, 45325
0.196, 0, 45325
0.195, 0, 45325
0.194, 0, 45325
0.193, 0, 45325
0.192, 0, 45325
0.191, 0, 45325
0.19, 0, 45325
0.189, 0, 45325
0.188, 0, 45325
0.187, 0, 34697
0.186, 0, 34697
0.185, 0, 34697
0.184, 0, 34697
0.183, 0, 34697
0.182, 0, 34697
0.181, 0, 34697
0.18, 0, 34697
0.179, 0, 34697
0.178, 0, 34697
0.177, 0, 34697
0.176, 0, 34697
0.175, 0, 34697
0.174, 0, 34697
0.173, 0, 34697
0.172, 0, 34697
0.171, 0, 34697
0.17, 0, 34697
0.169, 0, 34697
0.168, 0, 34697
0.167, 0, 34697
0.166, 0, 34697
0.165, 0, 34697
0.164, 0, 34697
0.163, 0, 34697
0.162, 0, 34697
0.161, 0, 34697
0.16, 0, 34697
0.159, 0, 34697
0.158, 0, 34697
0.157, 0, 34697
0.156, 0, 34697
0.155, 0, 34697
0.154, 0, 34697
0.153, 0, 34697
0.152, 0, 34697
0.151, 0, 34697
0.15, 0, 34697
0.149, 0, 34697
0.148, 0, 34697
0.147, 0, 34697
0.146, 0, 34697
0.145, 0, 34697
0.144, 0, 34697
0.143, 0, 34697
0.142, 0, 34697
0.141, 0, 34697
0.14, 0, 34697
0.139, 0, 34697
0.138, 0, 34697
0.137, 0, 34697
0.136, 0, 34697
0.135, 0, 34697
0.134, 0, 34697
0.133, 0, 34697
0.132, 0, 34697
0.131, 0, 34697
0.13, 0, 34697
0.129, 0, 34697
0.128, 0, 34697
0.127, 0, 34697
0.126, 0, 34697
0.125, 0, 34697
0.124, 0, 34697
0.123, 0, 34697
0.122, 0, 34697
0.121, 0, 34697
0.12, 0, 34697
0.119, 0, 34697
0.118, 0, 34697
0.117, 0, 34697
0.116, 0, 34697
0.115, 0, 34697
0.114, 0, 34697
0.113, 0, 34697
0.112, 0, 34697
0.111, 0, 34697
0.11, 0, 34697
0.109, 0, 34697
0.108, 0, 34697
0.107, 0, 34697
0.106, 0, 34697
0.105, 0, 34697
0.104, 0, 34697
0.103, 0, 34697
0.102, 0, 34697
0.101, 0, 34697
0.1, 0, 34697
0.099, 0, 34697
0.098, 0, 34697
0.097, 0, 34697
0.096, 0, 34697
0.095, 0, 34697
0.094, 0, 34697
0.093, 0, 34697
0.092, 0, 34697
0.091, 0, 34697
0.09, 0, 34697
0.089, 0, 34697
0.088, 0, 34697
0.087, 0, 34697
0.086, 0, 34697
0.085, 0, 34697
0.084, 0, 34697
0.083, 0, 34697
0.082, 0, 34697
0.081, 0, 34697
0.08, 0, 34697
0.079, 0, 34697
0.078, 0, 34697
0.077, 0, 34697
0.076, 0, 34697
0.075, 0, 34697
0.074, 0, 34697
0.073, 0, 34697
0.072, 0, 34697
0.071, 0, 34697
0.07, 0, 34697
0.069, 0, 34697
0.068, 0, 34697
0.067, 0, 34697
0.066, 0, 34697
0.065, 0, 34697
0.064, 0, 34697
0.063, 0, 34697
0.062, 0, 34697
0.061, 0, 34697
0.06, 0, 34697
0.059, 0, 34697
0.058, 0, 34697
0.057, 0, 34697
0.056, 0, 34697
0.055, 0, 34697
0.054, 0, 34697
0.053, 0, 34697
0.052, 0, 34697
0.051, 0, 34697
0.05, 0, 34697
0.049, 0, 34697
0.048, 0, 34697
0.047, 0, 34697
0.046, 0, 34697
0.045, 0, 34697
0.044, 0, 34697
0.043, 0, 34697
0.042, 0, 34697
0.041, 0, 34697
0.04, 0, 34697
0.039, 0, 34697
0.038, 0, 34697
0.037, 0, 34697
0.036, 0, 34697
0.035, 0, 34697
0.034, 0, 34697
0.033, 0, 34697
0.032, 0, 34697
0.031, 0, 34697
0.03, 0, 34697
0.029, 0, 34697
0.028, 0, 34697
0.027, 0, 34697
0.026, 0, 34697
0.025, 0, 34697
0.024, 0, 34697
0.023, 0, 34697
0.022, 0, 34697
0.021, 0, 34697
0.02, 0, 34697
0.019, 0, 34697
0.018, 0, 34697
0.017, 0, 34697
0.016, 0, 34697
0.015, 0, 34697
0.014, 0, 34697
0.013, 0, 34697
0.012, 0, 34697
0.011, 0, 34697
0.01, 0, 34697
0.009, 0, 34697
0.008, 0, 34697
0.007, 0, 34697
0.006, 0, 34697
0.005, 0, 34697

0.0, 0, 34697

0.001, 0.868, 1974
0.002, 0.868, 1974
0.003, 0.868, 1974
0.004, 0.868, 1974
0.005, 0.868, 1974
0.006, 0.868, 1974
0.007, 0.868, 1974
0.008, 0.868, 1974
0.009, 0.868, 1974
0.01, 0.868, 1974
0.011, 0.868, 1974
0.012, 0.868, 1974
0.013, 0.868, 1974
0.014, 0.868, 1974
0.015, 0.868, 1974
0.016, 0.868, 1974
0.017, 0.868, 1974
0.018, 0.868, 1974
0.019, 0.868, 1974
0.02, 0.868, 1974
0.021, 0.868, 1974
0.022, 0.868, 1974
0.023, 0.868, 1974
0.024, 0.868, 1974
0.025, 0.868, 1974
0.026, 0.868, 1974
0.027, 0.868, 1974
0.028, 0.868, 1974
0.029, 0.868, 1974
0.03, 0.868, 1974
0.031, 0.868, 1974
0.032, 0.868, 1974
0.033, 0.868, 1974
0.034, 0.868, 1974
0.035, 0.868, 1974
0.036, 0.868, 1974
0.037, 0.868, 1974
0.038, 0.868, 1974
0.039, 0.868, 1974
0.04, 0.868, 1974
0.041, 0.868, 1974
0.042, 0.868, 1974
0.043, 0.868, 1974
0.044, 0.868, 1974
0.045, 0.868, 1974
0.046, 0.868, 1974
0.047, 0.868, 1974
0.048, 0.868, 1974
0.049, 0.868, 1974
0.05, 0.868, 1974
0.051, 0.868, 1974
0.052, 0.868, 1974
0.053, 0.868, 1974
0.054, 0.868, 1974
0.055, 0.868, 1974
0.056, 0.868, 1974
0.057, 0.868, 1974
0.058, 0.868, 1974
0.059, 0.868, 1974
0.06, 0.868, 1974
0.061, 0.868, 1974
0.062, 0.868, 1974
0.063, 0.868, 1974
0.064, 0.868, 1974
0.065, 0.868, 1974
0.066, 0.868, 1974
0.067, 0.868, 1974
0.068, 0.868, 1974
0.069, 0.868, 1974
0.07, 0.868, 1974
0.071, 0.868, 1974
0.072, 0.868, 1974
0.073, 0.868, 1974
0.074, 0.868, 1974
0.075, 0.868, 1974
0.076, 0.868, 1974
0.077, 0.868, 1974
0.078, 0.868, 1974
0.079, 0.868, 1974
0.08, 0.868, 1974
0.081, 0.868, 1974
0.082, 0.868, 1974
0.083, 0.868, 1974
0.084, 0.868, 1974
0.085, 0.868, 1974
0.086, 0.868, 1974
0.087, 0.868, 1974
0.088, 0.868, 1974
0.089, 0.868, 1974
0.09, 0.868, 1974
0.091, 0.868, 1974
0.092, 0.868, 1974
0.093, 0.868, 1974
0.094, 0.868, 1974
0.095, 0.868, 1974
0.096, 0.868, 1974
0.097, 0.868, 1974
0.098, 0.868, 1974
0.099, 0.868, 1974
0.1, 0.868, 1974
0.101, 0.868, 1974
0.102, 0.868, 1974
0.103, 0.868, 1974
0.104, 0.868, 1974
0.105, 0.868, 1974
0.106, 0.868, 1974
0.107, 0.868, 1974
0.108, 0.868, 1974
0.109, 0.868, 1974
0.11, 0.868, 1974
0.111, 0.868, 1974
0.112, 0.868, 1974
0.113, 0.868, 1974
0.114, 0.868, 1974
0.115, 0.868, 1974
0.116, 0.868, 1974
0.117, 0.868, 1974
0.118, 0.868, 1974
0.119, 0.868, 1974
0.12, 0.868, 1974
0.121, 0.868, 1974
0.122, 0.868, 1974
0.123, 0.868, 1974
0.124, 0.868, 1974
0.125, 0.868, 1974
0.126, 0.868, 1974
0.127, 0.868, 1974
0.128, 0.868, 1974
0.129, 0.868, 1974
0.13, 0.868, 1974
0.131, 0.868, 1974
0.132, 0.868, 1974
0.133, 0.868, 1974
0.134, 0.868, 1974
0.135, 0.868, 1974
0.136, 0.868, 1974
0.137, 0.868, 1974
0.138, 0.868, 1974
0.139, 0.868, 1974
0.14, 0.868, 1974
0.141, 0.868, 1974
0.142, 0.868, 1974
0.143, 0.868, 1974
0.144, 0.868, 1974
0.145, 0.868, 1974
0.146, 0.868, 1974
0.147, 0.868, 1974
0.148, 0.868, 1974
0.149, 0.868, 1974
0.15, 0.868, 1974
0.151, 0.868, 1974
0.152, 0.868, 1974
0.153, 0.868, 1974
0.154, 0.868, 1974
0.155, 0.868, 1974
0.156, 0.868, 1974
0.157, 0.868, 1974
0.158, 0.868, 1974
0.159, 0.868, 1974
0.16, 0.868, 1974
0.161, 0.868, 1974
0.162, 0.868, 1974
0.163, 0.868, 1974
0.164, 0.973, 410
0.165, 0.973, 410
0.166, 0.973, 410
0.167, 0.973, 410
0.168, 0.973, 410
0.169, 0.973, 410
0.17, 0.973, 410
0.171, 0.973, 410
0.172, 0.973, 410
0.173, 0.973, 410
0.174, 0.973, 410
0.175, 0.973, 410
0.176, 0.973, 410
0.177, 0.973, 410
0.178, 0.973, 410
0.179, 0.973, 410
0.18, 0.973, 410
0.181, 0.973, 410
0.182, 0.973, 410
0.183, 0.973, 410
0.184, 0.973, 410
0.185, 0.973, 410
0.186, 0.973, 410
0.187, 0.973, 410
0.188, 0.973, 410
0.189, 0.973, 410
0.19, 0.973, 410
0.191, 0.973, 410
0.192, 0.973, 410
0.193, 0.973, 410
0.194, 0.973, 410
0.195, 0.973, 410
0.196, 0.973, 410
0.197, 0.973, 410
0.198, 0.973, 410
0.199, 0.973, 410
0.2, 0.973, 410
0.201, 0.973, 410
0.202, 0.973, 410
0.203, 0.973, 410
0.204, 0.973, 410
0.205, 0.973, 410
0.206, 0.973, 410
0.207, 0.973, 410
0.208, 0.973, 410
0.209, 0.973, 410
0.21, 0.973, 410
0.211, 0.973, 410
0.212, 0.973, 410
0.213, 0.973, 410
0.214, 0.973, 410
0.215, 0.973, 410
0.216, 0.973, 410
0.217, 0.973, 410
0.218, 0.973, 410
0.219, 0.973, 410
0.22, 0.973, 410
0.221, 0.973, 410
0.222, 0.973, 410
0.223, 0.973, 410
0.224, 0.973, 410
0.225, 0.973, 410
0.226, 0.973, 410
0.227, 0.973, 410
0.228, 0.973, 410
0.229, 0.973, 410
0.23, 0.973, 410
0.231, 0.973, 410
0.232, 0.973, 410
0.233, 0.973, 410
0.234, 0.973, 410
0.235, 0.973, 410
0.236, 0.973, 410
0.237, 0.973, 410
0.238, 0.973, 410
0.239, 0.973, 410
0.24, 0.973, 410
0.241, 0.973, 410
0.242, 0.973, 410
0.243, 0.973, 410
0.244, 0.973, 410
0.245, 0.973, 410
0.246, 0.973, 410
0.247, 0.973, 410
0.248, 0.973, 410
0.249, 0.973, 410
0.25, 0.973, 410
0.251, 0.973, 410
0.252, 0.973, 410
0.253, 0.973, 410
0.254, 0.973, 410
0.255, 0.973, 410
0.256, 0.973, 410
0.257, 0.973, 410
0.258, 0.973, 410
0.259, 0.973, 410
0.26, 0.973, 410
0.261, 0.973, 410
0.262, 0.973, 410
0.263, 0.973, 410
0.264, 0.973, 410
0.265, 0.973, 410
0.266, 0.973, 410
0.267, 0.973, 410
0.268, 0.973, 410
0.269, 0.973, 410
0.27, 0.973, 410
0.271, 0.973, 410
0.272, 0.973, 410
0.273, 0.973, 410
0.274, 0.973, 410
0.275, 0.973, 410
0.276, 0.973, 410
0.277, 0.973, 410
0.278, 0.973, 410
0.279, 0.973, 410
0.28, 0.973, 410
0.281, 0.973, 410
0.282, 0.973, 410
0.283, 0.973, 410
0.284, 0.973, 410
0.285, 0.973, 410
0.286, 0.973, 410
0.287, 0.973, 410
0.288, 0.973, 410
0.289, 0.973, 410
0.29, 0.973, 410
0.291, 0.973, 410
0.292, 0.973, 410
0.293, 0.973, 410
0.294, 0.973, 410
0.295, 0.973, 410
0.296, 0.973, 410
0.297, 0.973, 410
0.298, 0.973, 410
0.299, 0.973, 410
0.3, 0.973, 410
0.301, 0.973, 410
0.302, 0.973, 410
0.303, 0.973, 410
0.304, 0.973, 410
0.305, 0.973, 410
0.306, 0.973, 410
0.307, 0.973, 410
0.308, 0.973, 410
0.309, 0.973, 410
0.31, 0.973, 410
0.311, 0.973, 410
0.312, 0.973, 410
0.313, 0.973, 410
0.314, 0.973, 410
0.315, 0.973, 410
0.316, 0.973, 410
0.317, 0.973, 410
0.318, 0.973, 410
0.319, 0.973, 410
0.32, 0.973, 410
0.321, 0.973, 410
0.322, 0.973, 410
0.323, 0.973, 410
0.324, 0.973, 410
0.325, 0.973, 410
0.326, 0.973, 410
0.327, 0.973, 410
0.328, 0.973, 410
0.329, 0.973, 410
0.33, 0.973, 410
0.331, 0.973, 410
0.332, 0.973, 410
0.333, 0.973, 410
0.334, 0.973, 410
0.335, 0.973, 410
0.336, 0.973, 410
0.337, 0.973, 410
0.338, 0.973, 410
0.339, 0.973, 410
0.34, 0.973, 410
0.341, 0.973, 410
0.342, 0.973, 410
0.343, 0.973, 410
0.344, 0.973, 410
0.345, 0.973, 410
0.346, 0.973, 410
0.347, 0.973, 410
0.348, 0.973, 410
0.349, 0.973, 410
0.35, 0.973, 410
0.351, 0.973, 410
0.352, 0.965, 520
0.353, 0.965, 520
0.354, 0.965, 520
0.355, 0.965, 520
0.356, 0.965, 520
0.357, 0.965, 520
0.358, 0.965, 520
0.359, 0.965, 520
0.36, 0.965, 520
0.361, 0.965, 520
0.362, 0.965, 520
0.363, 0.965, 520
0.364, 0.965, 520
0.365, 0.965, 520
0.366, 0.965, 520
0.367, 0.965, 520
0.368, 0.965, 520
0.369, 0.965, 520
0.37, 0.965, 520
0.371, 0.965, 520
0.372, 0.965, 520
0.373, 0.965, 520
0.374, 0.965, 520
0.375, 0.965, 520
0.376, 0.965, 520
0.377, 0.965, 520
0.378, 0.965, 520
0.379, 0.965, 520
0.38, 0.965, 520
0.381, 0.965, 520
0.382, 0.965, 520
0.383, 0.965, 520
0.384, 0.965, 520
0.385, 0.965, 520
0.386, 0.965, 520
0.387, 0.965, 520
0.388, 0.965, 520
0.389, 0.965, 520
0.39, 0.965, 520
0.391, 0.965, 520
0.392, 0.965, 520
0.393, 0.965, 520
0.394, 0.965, 520
0.395, 0.965, 520
0.396, 0.965, 520
0.397, 0.965, 520
0.398, 0.965, 520
0.399, 0.965, 520
0.4, 0.965, 520
0.401, 0.965, 520
0.402, 0.965, 520
0.403, 0.965, 520
0.404, 0.965, 520
0.405, 0.965, 520
0.406, 0.965, 520
0.407, 0.965, 520
0.408, 0.965, 520
0.409, 0.965, 520
0.41, 0.965, 520
0.411, 0.965, 520
0.412, 0.965, 520
0.413, 0.965, 520
0.414, 0.965, 520
0.415, 0.965, 520
0.416, 0.965, 520
0.417, 0.965, 520
0.418, 0.965, 520
0.419, 0.965, 520
0.42, 0.965, 520
0.421, 0.965, 520
0.422, 0.965, 520
0.423, 0.965, 520
0.424, 0.965, 520
0.425, 0.965, 520
0.426, 0.965, 520
0.427, 0.965, 520
0.428, 0.965, 520
0.429, 0.965, 520
0.43, 0.965, 520
0.431, 0.965, 520
0.432, 0.965, 520
0.433, 0.965, 520
0.434, 0.965, 520
0.435, 0.965, 520
0.436, 0.965, 520
0.437, 0.965, 520
0.438, 0.965, 520
0.439, 0.965, 520
0.44, 0.965, 520
0.441, 0.965, 520
0.442, 0.965, 520
0.443, 0.965, 520
0.444, 0.965, 520
0.445, 0.965, 520
0.446, 0.965, 520
0.447, 0.965, 520
0.448, 0.965, 520
0.449, 0.965, 520
0.45, 0.965, 520
0.451, 0.965, 520
0.452, 0.965, 520
0.453, 0.965, 520
0.454, 0.965, 520
0.455, 0.965, 520
0.456, 0.965, 520
0.457, 0.965, 520
0.458, 0.965, 520
0.459, 0.965, 520
0.46, 0.965, 520
0.461, 0.965, 520
0.462, 0.965, 520
0.463, 0.965, 520
0.464, 0.965, 520
0.465, 0.965, 520
0.466, 0.965, 520
0.467, 0.965, 520
0.468, 0.965, 520
0.469, 0.965, 520
0.47, 0.965, 520
0.471, 0.965, 520
0.472, 0.965, 520
0.473, 0.965, 520
0.474, 0.965, 520
0.475, 0.965, 520
0.476, 0.965, 520
0.477, 0.965, 520
0.478, 0.965, 520
0.479, 0.965, 520
0.48, 0.965, 520
0.481, 0.965, 520
0.482, 0.965, 520
0.483, 0.965, 520
0.484, 0.965, 520
0.485, 0.965, 520
0.486, 0.965, 520
0.487, 0.965, 520
0.488, 0.965, 520
0.489, 0.965, 520
0.49, 0.965, 520
0.491, 0.965, 520
0.492, 0.965, 520
0.493, 0.965, 520
0.494, 0.965, 520
0.495, 0.965, 520
0.496, 0.965, 520
0.497, 0.965, 520
0.498, 0.965, 520
0.499, 0.965, 520
0.5, 0.965, 520
0.501, 0.965, 520
0.502, 0.965, 520
0.503, 0.965, 520
0.504, 0.965, 520
0.505, 0.965, 520
0.506, 0.965, 520
0.507, 0.965, 520
0.508, 0.965, 520
0.509, 0.965, 520
0.51, 0.965, 520
0.511, 0.965, 520
0.512, 0.965, 520
0.513, 0.965, 520
0.514, 0.965, 520
0.515, 0.965, 520
0.516, 0.965, 520
0.517, 0.965, 520
0.518, 0.965, 520
0.519, 0.965, 520
0.52, 0.965, 520
0.521, 0.965, 520
0.522, 0.965, 520
0.523, 0.965, 520
0.524, 0.965, 520
0.525, 0.965, 520
0.526, 0.965, 520
0.527, 0.965, 520
0.528, 0.965, 520
0.529, 0.965, 520
0.53, 0.965, 520
0.531, 0.965, 520
0.532, 0.965, 520
0.533, 0.965, 520
0.534, 0.965, 520
0.535, 0.965, 520
0.536, 0.965, 520
0.537, 0.965, 520
0.538, 0.965, 520
0.539, 0.965, 520
0.54, 0.965, 520
0.541, 0.958, 635
0.542, 0.958, 635
0.543, 0.958, 635
0.544, 0.958, 635
0.545, 0.958, 635
0.546, 0.958, 635
0.547, 0.958, 635
0.548, 0.958, 635
0.549, 0.958, 635
0.55, 0.958, 635
0.551, 0.958, 635
0.552, 0.958, 635
0.553, 0.958, 635
0.554, 0.958, 635
0.555, 0.958, 635
0.556, 0.958, 635
0.557, 0.958, 635
0.558, 0.958, 635
0.559, 0.958, 635
0.56, 0.958, 635
0.561, 0.958, 635
0.562, 0.958, 635
0.563, 0.958, 635
0.564, 0.958, 635
0.565, 0.958, 635
0.566, 0.958, 635
0.567, 0.958, 635
0.568, 0.958, 635
0.569, 0.958, 635
0.57, 0.958, 635
0.571, 0.958, 635
0.572, 0.958, 635
0.573, 0.958, 635
0.574, 0.958, 635
0.575, 0.958, 635
0.576, 0.958, 635
0.577, 0.958, 635
0.578, 0.958, 635
0.579, 0.958, 635
0.58, 0.958, 635
0.581, 0.958, 635
0.582, 0.958, 635
0.583, 0.958, 635
0.584, 0.958, 635
0.585, 0.958, 635
0.586, 0.958, 635
0.587, 0.958, 635
0.588, 0.958, 635
0.589, 0.958, 635
0.59, 0.958, 635
0.591, 0.958, 635
0.592, 0.958, 635
0.593, 0.958, 635
0.594, 0.958, 635
0.595, 0.958, 635
0.596, 0.958, 635
0.597, 0.958, 635
0.598, 0.958, 635
0.599, 0.958, 635
0.6, 0.958, 635
0.601, 0.958, 635
0.602, 0.958, 635
0.603, 0.958, 635
0.604, 0.958, 635
0.605, 0.958, 635
0.606, 0.958, 635
0.607, 0.958, 635
0.608, 0.958, 635
0.609, 0.958, 635
0.61, 0.958, 635
0.611, 0.958, 635
0.612, 0.958, 635
0.613, 0.958, 635
0.614, 0.958, 635
0.615, 0.958, 635
0.616, 0.958, 635
0.617, 0.958, 635
0.618, 0.958, 635
0.619, 0.958, 635
0.62, 0.958, 635
0.621, 0.958, 635
0.622, 0.958, 635
0.623, 0.958, 635
0.624, 0.958, 635
0.625, 0.958, 635
0.626, 0.958, 635
0.627, 0.958, 635
0.628, 0.958, 635
0.629, 0.958, 635
0.63, 0.958, 635
0.631, 0.958, 635
0.632, 0.958, 635
0.633, 0.958, 635
0.634, 0.958, 635
0.635, 0.958, 635
0.636, 0.958, 635
0.637, 0.958, 635
0.638, 0.958, 635
0.639, 0.958, 635
0.64, 0.958, 635
0.641, 0.958, 635
0.642, 0.958, 635
0.643, 0.958, 635
0.644, 0.958, 635
0.645, 0.958, 635
0.646, 0.958, 635
0.647, 0.958, 635
0.648, 0.958, 635
0.649, 0.958, 635
0.65, 0.958, 635
0.651, 0.958, 635
0.652, 0.958, 635
0.653, 0.958, 635
0.654, 0.958, 635
0.655, 0.958, 635
0.656, 0.958, 635
0.657, 0.958, 635
0.658, 0.958, 635
0.659, 0.958, 635
0.66, 0.958, 635
0.661, 0.958, 635
0.662, 0.958, 635
0.663, 0.958, 635
0.664, 0.958, 635
0.665, 0.958, 635
0.666, 0.958, 635
0.667, 0.958, 635
0.668, 0.958, 635
0.669, 0.958, 635
0.67, 0.958, 635
0.671, 0.958, 635
0.672, 0.958, 635
0.673, 0.958, 635
0.674, 0.958, 635
0.675, 0.958, 635
0.676, 0.958, 635
0.677, 0.958, 635
0.678, 0.958, 635
0.679, 0.958, 635
0.68, 0.958, 635
0.681, 0.958, 635
0.682, 0.958, 635
0.683, 0.958, 635
0.684, 0.958, 635
0.685, 0.958, 635
0.686, 0.958, 635
0.687, 0.958, 635
0.688, 0.958, 635
0.689, 0.958, 635
0.69, 0.958, 635
0.691, 0.958, 635
0.692, 0.958, 635
0.693, 0.958, 635
0.694, 0.958, 635
0.695, 0.958, 635
0.696, 0.958, 635
0.697, 0.958, 635
0.698, 0.958, 635
0.699, 0.958, 635
0.7, 0.958, 635
0.701, 0.958, 635
0.702, 0.958, 635
0.703, 0.958, 635
0.704, 0.958, 635
0.705, 0.958, 635
0.706, 0.958, 635
0.707, 0.958, 635
0.708, 0.958, 635
0.709, 0.958, 635
0.71, 0.958, 635
0.711, 0.958, 635
0.712, 0.958, 635
0.713, 0.958, 635
0.714, 0.958, 635
0.715, 0.958, 635
0.716, 0.958, 635
0.717, 0.958, 635
0.718, 0.958, 635
0.719, 0.958, 635
0.72, 0.958, 635
0.721, 0.958, 635
0.722, 0.958, 635
0.723, 0.958, 635
0.724, 0.958, 635
0.725, 0.958, 635
0.726, 0.958, 635
0.727, 0.958, 635
0.728, 0.958, 635
0.729, 0.958, 635
0.73, 0.958, 635
0.731, 0.958, 635
0.732, 0.958, 635
0.733, 0.958, 635
0.734, 0.958, 635
0.735, 0.958, 635
0.736, 0.958, 635
0.737, 0.958, 635
0.738, 0.958, 635
0.739, 0.958, 635
0.74, 0.958, 635
0.741, 0.95, 755
0.742, 0.95, 755
0.743, 0.95, 755
0.744, 0.95, 755
0.745, 0.95, 755
0.746, 0.95, 755
0.747, 0.95, 755
0.748, 0.95, 755
0.749, 0.95, 755
0.75, 0.95, 755
0.751, 0.95, 755
0.752, 0.95, 755
0.753, 0.95, 755
0.754, 0.95, 755
0.755, 0.95, 755
0.756, 0.95, 755
0.757, 0.95, 755
0.758, 0.95, 755
0.759, 0.95, 755
0.76, 0.95, 755
0.761, 0.95, 755
0.762, 0.95, 755
0.763, 0.95, 755
0.764, 0.95, 755
0.765, 0.95, 755
0.766, 0.95, 755
0.767, 0.95, 755
0.768, 0.95, 755
0.769, 0.95, 755
0.77, 0.95, 755
0.771, 0.95, 755
0.772, 0.95, 755
0.773, 0.95, 755
0.774, 0.95, 755
0.775, 0.95, 755
0.776, 0.95, 755
0.777, 0.95, 755
0.778, 0.95, 755
0.779, 0.95, 755
0.78, 0.95, 755
0.781, 0.95, 755
0.782, 0.95, 755
0.783, 0.95, 755
0.784, 0.95, 755
0.785, 0.95, 755
0.786, 0.95, 755
0.787, 0.95, 755
0.788, 0.95, 755
0.789, 0.95, 755
0.79, 0.95, 755
0.791, 0.95, 755
0.792, 0.95, 755
0.793, 0.95, 755
0.794, 0.95, 755
0.795, 0.95, 755
0.796, 0.95, 755
0.797, 0.95, 755
0.798, 0.95, 755
0.799, 0.95, 755
0.8, 0.95, 755
0.801, 0.95, 755
0.802, 0.95, 755
0.803, 0.95, 755
0.804, 0.95, 755
0.805, 0.95, 755
0.806, 0.95, 755
0.807, 0.95, 755
0.808, 0.95, 755
0.809, 0.95, 755
0.81, 0.95, 755
0.811, 0.95, 755
0.812, 0.95, 755
0.813, 0.95, 755
0.814, 0.95, 755
0.815, 0.95, 755
0.816, 0.95, 755
0.817, 0.95, 755
0.818, 0.95, 755
0.819, 0.95, 755
0.82, 0.95, 755
0.821, 0.95, 755
0.822, 0.95, 755
0.823, 0.95, 755
0.824, 0.95, 755
0.825, 0.95, 755
0.826, 0.95, 755
0.827, 0.95, 755
0.828, 0.95, 755
0.829, 0.95, 755
0.83, 0.95, 755
0.831, 0.95, 755
0.832, 0.95, 755
0.833, 0.95, 755
0.834, 0.95, 755
0.835, 0.95, 755
0.836, 0.95, 755
0.837, 0.95, 755
0.838, 0.95, 755
0.839, 0.95, 755
0.84, 0.95, 755
0.841, 0.95, 755
0.842, 0.95, 755
0.843, 0.95, 755
0.844, 0.95, 755
0.845, 0.95, 755
0.846, 0.95, 755
0.847, 0.95, 755
0.848, 0.95, 755
0.849, 0.95, 755
0.85, 0.95, 755
0.851, 0.95, 755
0.852, 0.95, 755
0.853, 0.95, 755
0.854, 0.95, 755
0.855, 0.95, 755
0.856, 0.95, 755
0.857, 0.95, 755
0.858, 0.95, 755
0.859, 0.95, 755
0.86, 0.95, 755
0.861, 0.95, 755
0.862, 0.95, 755
0.863, 0.95, 755
0.864, 0.95, 755
0.865, 0.95, 755
0.866, 0.95, 755
0.867, 0.95, 755
0.868, 0.95, 755
0.869, 0.95, 755
0.87, 0.95, 755
0.871, 0.95, 755
0.872, 0.95, 755
0.873, 0.95, 755
0.874, 0.95, 755
0.875, 0.95, 755
0.876, 0.95, 755
0.877, 0.95, 755
0.878, 0.95, 755
0.879, 0.95, 755
0.88, 0.95, 755
0.881, 0.95, 755
0.882, 0.95, 755
0.883, 0.95, 755
0.884, 0.95, 755
0.885, 0.95, 755
0.886, 0.95, 755
0.887, 0.95, 755
0.888, 0.95, 755
0.889, 0.95, 755
0.89, 0.95, 755
0.891, 0.95, 755
0.892, 0.95, 755
0.893, 0.95, 755
0.894, 0.95, 755
0.895, 0.95, 755
0.896, 0.95, 755
0.897, 0.95, 755
0.898, 0.95, 755
0.899, 0.95, 755
0.9, 0.95, 755
0.901, 0.95, 755
0.902, 0.95, 755
0.903, 0.95, 755
0.904, 0.95, 755
0.905, 0.95, 755
0.906, 0.95, 755
0.907, 0.95, 755
0.908, 0.95, 755
0.909, 0.95, 755
0.91, 0.95, 755
0.911, 0.95, 755
0.912, 0.95, 755
0.913, 0.95, 755
0.914, 0.95, 755
0.915, 0.95, 755
0.916, 0.95, 755
0.917, 0.95, 755
0.918, 0.95, 755
0.919, 0.95, 755
0.92, 0.95, 755
0.921, 0.95, 755
0.922, 0.95, 755
0.923, 0.95, 755
0.924, 0.95, 755
0.925, 0.95, 755
0.926, 0.95, 755
0.927, 0.95, 755
0.928, 0.95, 755
0.929, 0.95, 755
0.93, 0.95, 755
0.931, 0.95, 755
0.932, 0.95, 755
0.933, 0.95, 755
0.934, 0.95, 755
0.935, 0.95, 755
0.936, 0.95, 755
0.937, 0.95, 755
0.938, 0.942, 877


